10
10 10
1 2 3 4 5 6 7 8 9 10
10 10
10 9 8 7 6 5 4 3 2 1
10 0
1 2 3 4 5 6 7 8 9 10
10 10
2 4 6 8 10 12 14 16 18 20
10 18
2 4 6 8 10 12 14 16 18 20
1 2
2
2 10
5 10
15 20
2 4 6 8 10 12 14 16 18 20 22 24 26 28 30
40 4
1 2 3 4 5 6 7 8 9 10 11 12 13 14 15 16 17 18 19 20 21 22 23 24 25 26 27 28 29 30 31 32 33 34 35 36 37 38 39 40
65 65
63 64 65 1 2 3 4 5 6 7 8 9 10 11 12 13 14 15 16 17 18 19 20 21 22 23 24 25 26 27 28 29 30 31 32 33 34 35 36 37 38 39 40 41 42 43 44 45 46 47 48 49 50 51 52 53 54 55 56 57 58 59 60 61 62 
